10000 100
1 2
1 1
1 1
1 3
1 3
1 1
1 2
1 1
1 2
1 1
1 3
1 1
1 2
1 1
1 1
1 1
1 2
1 2
1 1
1 1
1 2
1 1
1 1
1 3
1 3
1 1
1 3
1 1
1 3
1 2
1 2
1 1
1 1
1 2
1 1
1 3
1 3
1 2
1 3
1 3
1 2
1 3
1 1
1 3
1 3
1 3
1 2
1 2
1 2
1 2
1 1
1 1
1 3
1 2
1 2
1 2
1 3
1 2
1 2
1 1
1 1
1 1
1 2
1 2
1 2
1 2
1 3
1 1
1 2
1 3
1 1
1 2
1 3
1 2
1 1
1 2
1 1
1 2
1 2
1 3
1 2
1 3
1 1
1 3
1 2
1 1
1 3
1 3
1 2
1 1
1 1
1 1
1 3
1 3
1 2
1 2
1 3
1 3
1 3
1 3