100 100
3431 92
1927 16
3062 9
7704 90
6452 92
305 14
828 23
2420 95
9949 41
426 47
274 37
1155 54
608 46
2890 20
6561 21
4567 93
363 47
3507 78
6854 64
5866 7
6654 24
9171 83
1345 92
3928 48
4883 56
5993 58
1743 1
7962 52
7545 54
7022 7
1425 90
150 89
487 10
7617 42
7272 85
348 27
5707 20
7460 6
7163 90
752 47
5444 98
3256 88
6297 71
5590 96
8123 13
353 49
253 57
7388 41
6565 7
4133 39
4542 34
3816 2
10053 78
9706 69
2366 11
1666 63
9607 23
7401 58
2193 44
8504 69
8007 58
2269 61
5413 58
5052 32
715 86
1869 10
9719 38
7911 25
3014 18
9392 33
480 59
5594 40
2033 48
8396 79
8390 53
6946 98
1810 16
709 76
4925 62
7958 93
4647 80
3302 19
7917 14
6542 32
4882 87
8716 63
9396 63
7854 30
9710 51
8059 53
5555 7
6902 66
273 64
6992 51
9425 52
3243 25
7182 98
842 100
3810 37
2083 45
