10000 70
704 7
410 4
7410 99
518 4
143 9
100 2
5883 70
573 6
530 7
444 9
2710 58
2631 42
156 1
2345 49
787 9
218 7
6261 74
464 1
3060 63
4459 14
927 5
419 9
702 13
1921 32
350 7
2926 51
642 2
349 9
412 4
256 4
360 8
619 7
122 4
702 13
1921 32
350 7
2926 51
642 6
349 9
412 4
256 4
2770 35
1142 34
1210 15
633 3
2447 54
442 9
7263 100
73 1
4824 86
4469 82
187 5
541 8
704 7
410 4
350 7
2926 51
642 26
349 9
412 47
256 4
360 8
619 7
122 4
2602 42
716 5
118 7
726 9
412 7
400 4
256 4
360 8
619 7