10000 80
762 46
7260 89
218 70
6261 74
464 16
3060 63
4459 14
927 5
419 9
702 13
1921 32
350 7
2926 51
642 2
349 9
412 4
256 4
360 8
619 7
122 4
2602 42
716 5
118 7
196 1
481 8
7150 70
1912 26
3027 31
6827 88
7323 75
4759 73
2770 35
1142 34
1210 15
633 3
2447 54
442 9
7263 10
73 1
4824 86
4469 82
187 5
541 8
704 7
410 4
7410 99
518 4
143 9
100 2
5883 70
573 6
530 7
444 9
2710 58
2631 42
156 6
2345 49
505 6
3225 58
296 4
5816 44
3061 18
6487 13
787 9
1791 43
120 3
2278 65
520 7
5996 91
986 12
2366 28
187 2
2994 42
759 3
1077 24
2253 36
713 10
6010 44
4804 47
7397 69