1000000 365
557 2
182 3
956 4
853 4
189 2
341 1
315 5
317 1
701 3
84 3
974 2
613 1
265 2
888 3
747 2
172 2
330 4
187 1
59 1
412 2
314 2
123 1
231 5
572 1
605 4
361 1
529 2
377 2
258 2
913 3
733 3
154 5
656 2
981 2
829 4
232 5
161 1
673 3
129 5
791 5
550 2
683 4
393 2
441 1
493 1
399 5
250 1
672 4
65 3
465 5
830 4
42 4
183 1
455 3
613 5
109 1
359 3
654 5
895 2
409 1
324 2
835 5
263 2
775 2
548 2
84 3
306 3
901 2
669 2
710 1
740 3
907 4
938 2
687 3
906 5
485 3
126 4
921 1
73 5
976 4
163 3
18 5
219 3
622 5
220 1
568 2
319 1
199 4
457 2
932 3
857 1
909 3
726 5
61 2
812 1
330 5
783 2
635 2
389 5
806 1
928 3
927 2
136 4
65 4
580 1
536 1
428 5
378 4
17 5
981 1
622 5
146 4
550 1
159 1
679 2
18 2
937 5
84 2
787 2
605 5
550 5
191 2
902 5
844 2
405 3
147 2
725 5
372 3
382 3
915 2
21 4
215 5
317 3
84 2
560 4
667 3
295 5
393 5
974 4
630 1
619 4
11 3
781 2
214 2
14 4
97 4
867 2
54 4
348 2
739 3
716 5
283 1
937 3
536 4
718 1
501 3
640 5
482 1
362 4
796 4
930 5
423 4
959 3
414 5
241 3
912 4
973 5
417 1
801 3
817 3
102 4
384 3
113 1
686 2
668 3
366 3
279 5
257 2
179 3
540 1
322 4
483 4
540 2
879 3
54 5
750 2
242 5
604 1
687 5
593 4
729 2
368 1
14 1
203 4
231 5
933 3
719 1
131 5
694 4
958 1
130 1
685 5
635 5
578 5
677 1
743 3
91 1
453 1
569 1
502 4
270 3
196 1
148 3
950 5
55 3
503 4
450 1
297 5
857 1
474 4
904 4
826 1
415 4
551 4
589 5
528 2
469 3
309 3
465 2
43 4
856 1
146 3
305 2
625 5
251 5
945 1
173 4
386 3
595 2
43 5
496 3
773 3
327 2
155 4
506 3
279 4
52 2
844 5
572 1
110 4
458 5
143 5
922 5
97 5
823 1
360 5
106 2
759 1
835 4
521 1
564 4
522 1
854 5
550 4
137 4
768 3
607 4
226 3
200 5
253 4
884 5
347 2
872 3
364 3
607 5
174 3
244 2
751 4
14 4
500 5
306 1
751 2
284 2
379 1
517 5
701 2
434 1
224 2
685 4
939 4
564 1
895 2
825 2
106 1
809 3
843 4
491 2
574 3
853 4
611 3
944 3
253 4
879 3
433 4
209 5
608 1
20 5
26 5
264 2
42 4
443 5
685 4
787 3
479 5
217 1
690 3
59 2
659 3
877 4
745 2
594 4
768 4
284 5
899 2
720 5
392 1
540 2
317 1
142 4
830 1
269 1
114 4
578 4
339 5
957 1
937 1
770 5
968 4
578 1
582 4
323 4
320 3
476 4
821 2
558 2
196 4
596 4
528 4
113 1
214 3
630 5
69 5
878 2
715 5
593 4
410 4
496 5
663 4
81 3
464 5
664 2
642 2
699 2
859 5
903 3
