1000000 365
1074 440
1000 994
1000 565
1000 524
1000 415
1000 239
1000 464
1000 663
1000 515
1000 1000
1000 379
1000 490
1000 919
1000 238
1000 161
1000 112
1000 281
1000 73
1000 642
1000 624
1000 362
1000 342
1000 558
1000 843
1000 827
1000 333
1000 666
1000 661
1000 880
1000 256
1000 428
1000 819
1000 938
1000 706
1000 569
1000 700
1000 742
1000 397
1000 170
1000 347
1000 335
1000 872
1000 876
1000 883
1000 244
1000 996
1000 706
1000 632
1000 565
1000 369
1000 359
1000 745
1000 861
1000 272
1000 148
1000 592
1000 287
1000 622
1000 713
1000 142
1000 547
1000 328
1000 21
1000 864
1000 616
1000 169
1000 991
1000 874
1000 642
1000 275
1000 209
1000 760
1000 279
1000 522
1000 782
1000 205
1000 540
1000 648
1000 919
1000 867
1000 924
1000 919
1000 598
1000 794
1000 363
1000 573
1000 379
1000 655
1000 428
1000 901
1000 370
1000 944
1000 981
1000 94
1000 824
1000 143
1000 269
1000 208
1000 732
1000 609
1000 8
1000 830
1000 299
1000 218
1000 464
1000 7
1000 796
1000 151
1000 566
1000 931
1000 821
1000 509
1000 831
1000 656
1000 682
1000 974
1000 390
1000 595
1000 565
1000 493
1000 859
1000 77
1000 360
1000 228
1000 253
1000 193
1000 263
1000 291
1000 967
1000 613
1000 295
1000 659
1000 737
1000 173
1000 511
1000 816
1000 436
1000 707
1000 28
1000 539
1000 700
1000 537
1000 111
1000 143
1000 930
1000 125
1000 308
1000 510
1000 715
1000 626
1000 802
1000 968
1000 951
1000 259
1000 359
1000 91
1000 944
1000 484
1000 500
1000 720
1000 941
1000 395
1000 756
1000 674
1000 607
1000 573
1000 309
1000 301
1000 665
1000 717
1000 516
1000 96
1000 634
1000 212
1000 66
1000 601
1000 613
1000 770
1000 360
1000 590
1000 591
1000 374
1000 24
1000 766
1000 645
1000 756
1000 730
1000 411
1000 24
1000 337
1000 501
1000 729
1000 182
1000 627
1000 993
1000 697
1000 825
1000 823
1000 584
1000 40
1000 605
1000 334
1000 688
1000 983
1000 514
1000 636
1000 885
1000 571
1000 51
1000 872
1000 84
1000 994
1000 227
1000 628
1000 654
1000 250
1000 25
1000 23
1000 964
1000 651
1000 738
1000 698
1000 167
1000 707
1000 692
1000 476
1000 173
1000 459
1000 432
1000 968
1000 224
1000 591
1000 762
1000 182
1000 962
1000 148
1000 658
1000 631
1000 611
1000 758
1000 914
1000 225
1000 631
1000 163
1000 601
1000 440
1000 719
1000 592
1000 422
1000 829
1000 777
1000 152
1000 962
1000 325
1000 80
1000 310
1000 534
1000 244
1000 802
1000 121
1000 519
1000 282
1000 24
1000 482
1000 954
1000 286
1000 380
1000 38
1000 907
1000 347
1000 183
1000 531
1000 625
1000 433
1000 102
1000 641
1000 455
1000 988
1000 90
1000 832
1000 51
1000 459
1000 157
1000 369
1000 950
1000 621
1000 654
1000 62
1000 392
1000 175
1000 464
1000 464
1000 458
1000 715
1000 656
1000 194
1000 369
1000 906
1000 105
1000 788
1000 90
1000 243
1000 629
1000 500
1000 318
1000 654
1000 78
1000 273
1000 270
1000 699
1000 584
1000 237
1000 419
1000 846
1000 332
1000 442
1000 558
1000 961
1000 578
1000 443
1000 810
1000 293
1000 52
1000 206
1000 499
1000 206
1000 704
1000 869
1000 161
1000 552
1000 843
1000 457
1000 796
1000 859
1000 720
1000 230
1000 506
1000 965
1000 114
1000 604
1000 671
1000 38
1000 764
1000 154
1000 715
1000 648
1000 819
1000 920
1000 100
1000 227
1000 851
1000 405
1000 964
1000 743
1000 436
1000 529
1000 165
1000 570
1000 782
1000 789
1000 477
1000 440
1000 172
1000 36
1000 993
