100000 365
276 5
720 1
870 3
379 10
448 9
484 10
160 5
246 3
610 2
517 7
500 3
481 10
313 8
979 6
926 10
650 9
922 2
373 9
870 7
513 8
979 1
650 1
195 3
358 8
297 5
487 5
639 10
459 5
571 1
328 8
507 10
361 1
456 6
379 6
267 9
377 6
778 9
544 10
551 5
726 7
351 3
185 9
873 2
636 9
524 2
537 6
927 2
389 8
507 3
250 8
811 4
278 9
377 3
388 3
509 9
786 8
381 8
679 8
763 5
910 5
841 8
998 4
828 5
760 8
860 5
944 1
199 6
822 10
595 5
143 8
597 5
924 6
431 6
145 6
988 9
152 5
572 7
866 9
587 9
999 6
742 6
837 7
865 10
154 3
360 9
710 7
654 10
668 8
147 5
595 4
527 1
954 4
187 7
139 1
296 9
664 4
819 3
628 3
486 2
168 2
408 10
755 2
904 8
781 2
114 1
712 8
111 4
775 2
524 1
626 9
433 8
561 2
931 10
663 10
251 6
240 1
564 6
630 4
994 1
393 3
371 3
404 2
191 4
125 3
484 9
437 8
318 10
991 3
255 10
466 8
646 1
684 2
995 9
511 4
735 1
774 4
851 10
651 8
986 10
693 4
838 6
120 1
584 8
366 10
122 8
212 1
478 5
866 8
679 7
663 1
617 8
553 2
667 8
616 6
141 5
779 3
364 2
253 5
794 8
842 6
400 2
485 6
796 3
807 8
156 7
974 8
352 4
324 3
145 7
307 10
635 2
308 6
823 9
760 5
251 5
551 1
257 4
489 10
147 6
373 1
667 6
982 10
143 7
734 5
257 1
444 9
216 9
877 3
834 8
226 4
351 3
115 5
498 8
448 3
739 8
460 3
663 2
753 2
650 5
695 8
921 9
399 1
175 3
717 9
395 9
233 3
428 8
411 7
847 1
850 10
844 7
236 3
326 2
160 6
644 9
507 6
535 6
931 2
868 9
756 3
531 10
657 2
760 6
813 7
978 7
920 2
889 9
826 2
888 5
413 10
171 1
528 7
1000 9
900 9
145 3
816 8
188 4
706 9
648 10
248 3
983 7
716 6
287 8
303 1
352 7
752 5
163 7
326 3
633 1
402 4
147 7
650 9
925 2
174 6
368 4
237 2
262 6
469 3
149 7
579 5
559 3
733 4
825 9
395 5
718 5
872 4
716 7
520 3
243 7
117 10
412 9
906 6
850 10
447 10
267 8
278 10
147 9
189 7
565 7
411 8
473 4
720 5
821 10
751 4
810 8
787 8
513 1
805 8
543 1
459 6
212 2
150 9
142 4
738 3
942 10
754 4
837 6
703 9
940 4
536 4
996 8
421 4
835 8
646 8
128 1
500 7
756 5
454 4
847 2
328 2
126 8
495 6
731 9
258 7
614 7
924 10
894 3
736 2
633 3
832 3
174 1
229 2
580 7
944 8
561 3
360 7
120 4
709 6
104 10
167 7
470 9
378 6
996 2
948 3
322 1
727 8
333 6
439 1
192 6
167 5
868 6
734 8
147 2
575 1
309 6
483 3
882 2
320 9
244 9
137 5
776 6
659 9
415 6
335 8
618 3
898 2
482 2
668 1
308 3
929 4
585 4
262 5
756 6
785 4
209 4