1000000 365
4720 58
6476 77
2550 17
6263 83
8944 93
7869 75
6072 63
7234 11
8115 93
6993 45
8001 19
6557 61
3219 34
4143 74
3257 51
4567 10
3394 49
7061 42
9707 9
7970 95
4051 25
2805 60
4225 97
2796 57
4560 23
2122 17
9854 50
7508 39
7481 41
3358 28
4262 97
3440 17
5800 45
8564 12
6858 98
7133 45
5617 89
8632 76
9390 52
7445 44
2994 96
7599 1
9818 21
4990 41
2884 82
6736 56
9699 11
6303 42
5413 77
8883 50
2242 2
4445 91
9611 4
2948 17
6583 49
8980 50
4230 40
2239 94
6760 100
5139 20
4299 17
3641 24
3969 80
7377 98
5606 10
9537 46
8475 52
5114 81
2551 75
9139 50
6666 72
6897 51
6493 53
9310 40
2938 6
5211 22
5196 15
6496 57
6185 13
5496 68
8411 93
7044 91
9990 89
8020 81
8530 56
5175 69
4488 84
8780 50
9100 8
4269 27
3240 99
3738 67
9853 18
3286 22
5743 16
4871 74
7987 75
4572 8
3232 5
6057 54
4966 26
4550 24
7192 70
9891 100
4042 7
2427 77
3560 71
2965 93
5904 58
4578 19
3864 32
6882 45
3100 89
5825 26
3357 53
4495 79
7732 11
3019 60
9774 53
3698 57
8991 1
2552 31
3739 77
9875 87
7861 95
5708 15
6684 81
2355 37
2952 46
5286 47
4670 63
7766 100
7816 98
3781 18
5135 5
6397 82
3247 73
3375 50
7937 34
2514 63
9177 84
4625 60
3836 43
7566 33
2129 27
7712 32
4691 73
7032 39
6178 83
6804 96
4782 82
5433 44
8039 8
2228 69
2840 99
7540 70
2016 17
2879 36
3700 6
3748 45
7471 23
5557 24
8831 35
8787 80
8310 94
2698 79
4313 61
6973 75
7705 18
7936 42
5907 18
4936 61
2924 47
3242 4
7706 64
5909 13
5599 77
2480 75
3643 61
7359 36
5552 68
8061 98
7449 47
4565 63
6619 97
8291 96
7075 10
7360 96
4001 55
3058 66
8219 34
4451 70
5532 43
8480 99
2279 65
7792 47
2312 17
5206 18
3649 32
6466 77
3550 98
9920 70
9166 94
5838 3
5381 68
4593 93
3767 83
8299 76
3182 91
6665 41
9940 23
9746 66
4649 2
7240 41
3928 20
2893 70
4968 58
2334 97
8258 26
9785 73
7155 74
7846 86
4288 24
7651 97
6270 68
4739 76
4581 62
9255 91
9548 86
2651 62
4102 9
4178 52
5436 8
2974 91
8946 83
6177 58
4791 84
7549 42
5254 1
2868 96
8635 24
7159 43
2507 81
5663 18
6819 61
3653 14
2982 5
9700 94
7230 90
2832 87
6187 47
5016 12
4563 89
5984 17
9204 4
9655 34
7345 43
4199 56
6766 26
4201 100
5253 37
2429 63
5945 43
6873 72
7773 38
9036 48
7835 78
9401 82
5386 33
3592 83
9748 37
2202 74
9220 59
8225 1
5883 67
7421 61
7238 91
6616 20
6758 42
6144 99
6375 68
5546 12
3126 18
4553 45
7015 84
5303 33
4402 17
6899 85
8725 80
7221 14
2718 62
7569 66
8265 50
2213 78
9758 78
8223 1
7231 38
5154 67
9094 57
6111 61
7365 39
6833 40
8586 93
3415 25
5001 3
7795 29
7857 59
3588 5
5732 59
2388 100
4021 78
2868 7
6869 46
3709 74
3385 34
8936 33
3750 82
4506 38
5393 67
8990 29
4525 93
9024 62
9199 44
6922 46
2761 81
4525 19
6012 65
3935 44
4656 94
7712 39
3538 95
4241 58
6379 59
8421 64
4184 66
9116 31
6709 33
3692 80
4216 54
9921 89
4516 62
6211 72
3478 61
2659 77
9341 54
3086 61
8694 100
9047 70
9985 97
4826 13
3933 92
4014 14
8420 24
9564 13
4439 22
3419 27
9936 11
4292 53
2157 62
2799 84
6444 25
2632 23
5951 12
7147 16
5469 44
