10000 100
447 74
1349 90
9162 56
1985 32
6457 11
6455 39
485 20
7240 36
1691 78
3147 5
5932 15
2968 16
3419 28
6740 3
1281 68
5938 81
692 41
8370 56
195 8
8538 5
117 46
4742 3
3164 35
9237 56
6912 38
2212 97
8751 33
2712 72
3060 53
1325 94
5872 64
8474 17
603 97
8823 51
9603 62
9854 21
8406 49
6375 23
8983 65
8830 48
401 43
1143 54
8626 56
7376 87
9360 2
8432 85
2016 59
552 73
6154 77
2174 10
6437 82
7881 97
9029 57
8818 65
2273 49
6311 27
4742 8
4231 70
3714 8
1107 27
6360 92
710 78
8849 16
3401 4
6691 76
3164 81
3656 47
376 87
1354 48
3102 28
9247 15
2354 43
9273 38
9763 88
4245 23
2114 6
2814 77
5034 64
6491 36
2719 83
3711 84
2363 68
6629 92
6105 85
4338 9
7663 39
4674 70
9980 48
9007 44
2986 5
3017 1
9909 32
3977 97
7195 69
9431 15
9703 95
5497 67
2914 80
7209 72
6163 1
